1 0.599662 0.399000 0.251126 0.210000
1 0.610923 0.271000 0.224099 0.234000
1 0.599662 0.093000 0.237613 0.182000
1 0.420608 0.241000 0.158784 0.142000
1 0.432995 0.127000 0.147523 0.122000
1 0.426239 0.365000 0.152027 0.094000
1 0.579392 0.505000 0.246622 0.142000
1 0.418356 0.471000 0.154279 0.106000
1 0.402590 0.585000 0.154279 0.110000
1 0.579392 0.625000 0.246622 0.118000
1 0.580518 0.747000 0.257883 0.146000
1 0.407095 0.699000 0.154279 0.114000
1 0.601914 0.855000 0.251126 0.154000
1 0.399212 0.829000 0.165541 0.142000
1 0.302365 0.481000 0.125000 0.110000
1 0.287725 0.551000 0.122748 0.106000
1 0.276464 0.669000 0.127252 0.118000
1 0.259572 0.781000 0.147523 0.126000
1 0.265203 0.907000 0.158784 0.130000
1 0.304617 0.371000 0.129505 0.106000
1 0.297860 0.259000 0.115991 0.106000
1 0.315878 0.165000 0.120495 0.094000
1 0.323761 0.069000 0.118243 0.102000
1 0.216779 0.097000 0.102477 0.110000
1 0.217905 0.189000 0.104730 0.094000
1 0.187500 0.279000 0.106982 0.098000
1 0.190878 0.371000 0.109234 0.090000
1 0.194257 0.467000 0.111486 0.082000
1 0.195383 0.565000 0.118243 0.102000
1 0.160473 0.663000 0.129505 0.098000
1 0.153716 0.765000 0.106982 0.110000
1 0.778716 0.586000 0.127252 0.112000
1 0.779842 0.483000 0.088964 0.114000
1 0.770270 0.368000 0.083333 0.108000
1 0.767455 0.273000 0.091216 0.150000
