1 0.786677 0.197000 0.288922 0.214000
1 0.494760 0.153000 0.285928 0.270000
1 0.228293 0.181000 0.279940 0.174000
1 0.220808 0.343000 0.294910 0.154000
1 0.479790 0.351000 0.279940 0.154000
1 0.753743 0.367000 0.258982 0.138000
1 0.774701 0.519000 0.282934 0.178000
1 0.509731 0.505000 0.261976 0.150000
1 0.232784 0.509000 0.294910 0.166000
1 0.249251 0.667000 0.261976 0.162000
1 0.505240 0.649000 0.252994 0.134000
1 0.776198 0.655000 0.285928 0.146000
1 0.768713 0.793000 0.270958 0.158000
1 0.517216 0.785000 0.252994 0.134000
1 0.238772 0.879000 0.336826 0.234000
