1 0.448353 0.271000 0.432635 0.178000
1 0.830090 0.321000 0.333832 0.198000
1 0.578593 0.409000 0.202096 0.142000
1 0.372006 0.423000 0.214072 0.114000
1 0.142964 0.411000 0.282934 0.106000
1 0.071108 0.509000 0.139222 0.094000
1 0.148952 0.617000 0.294910 0.126000
1 0.382485 0.635000 0.187126 0.106000
1 0.183383 0.727000 0.160180 0.106000
1 0.451347 0.739000 0.354790 0.114000
1 0.776198 0.703000 0.255988 0.178000
1 0.201347 0.295000 0.244012 0.178000
1 0.566617 0.645000 0.178144 0.110000
1 0.514222 0.851000 0.199102 0.122000
1 0.704341 0.883000 0.220060 0.138000
1 0.337575 0.827000 0.187126 0.106000
