1 0.519129 0.121000 0.565963 0.238000
1 0.532322 0.299000 0.592348 0.298000
1 0.480871 0.495000 0.526385 0.266000
1 0.515172 0.756000 0.600264 0.364000
1 0.478232 0.911000 0.441953 0.170000
1 0.891161 0.313000 0.212401 0.222000
1 0.809367 0.543000 0.228232 0.234000
1 0.946570 0.455000 0.101583 0.170000
1 0.888522 0.643000 0.217678 0.242000
1 0.813984 0.847000 0.274406 0.218000
1 0.947889 0.715000 0.098945 0.130000
1 0.901715 0.867000 0.191293 0.178000
1 0.198549 0.095000 0.151715 0.186000
1 0.176121 0.235000 0.106860 0.090000
1 0.217018 0.333000 0.083113 0.150000
1 0.152375 0.339000 0.069921 0.106000
