1 0.190878 0.203000 0.221847 0.106000
1 0.196509 0.311000 0.233108 0.098000
1 0.197635 0.393000 0.257883 0.102000
1 0.353041 0.219000 0.163288 0.114000
1 0.369932 0.295000 0.143018 0.082000
1 0.374437 0.353000 0.120495 0.070000
1 0.375563 0.431000 0.136261 0.082000
1 0.390203 0.485000 0.143018 0.070000
1 0.211149 0.463000 0.230856 0.082000
1 0.206644 0.539000 0.262387 0.138000
1 0.385698 0.565000 0.138514 0.094000
1 0.367680 0.623000 0.143018 0.074000
1 0.181869 0.607000 0.244369 0.146000
1 0.203266 0.709000 0.233108 0.142000
1 0.205518 0.775000 0.224099 0.130000
1 0.377815 0.685000 0.136261 0.086000
1 0.483671 0.365000 0.086712 0.070000
1 0.480293 0.313000 0.084459 0.046000
1 0.491554 0.431000 0.075450 0.058000
1 0.500563 0.495000 0.102477 0.066000
1 0.484797 0.561000 0.093468 0.054000
1 0.488176 0.601000 0.086712 0.062000
1 0.494932 0.651000 0.091216 0.074000
1 0.376689 0.751000 0.134009 0.098000
1 0.207207 0.862000 0.231982 0.184000
1 0.492680 0.707000 0.095721 0.090000
1 0.571509 0.577000 0.068694 0.054000
