1 0.295455 0.507000 0.136364 0.050000
1 0.137701 0.503000 0.152406 0.058000
1 0.124332 0.441000 0.125668 0.062000
1 0.271390 0.453000 0.141711 0.054000
1 0.266043 0.399000 0.141711 0.050000
1 0.124332 0.567000 0.147059 0.058000
1 0.274064 0.561000 0.136364 0.046000
1 0.124332 0.613000 0.147059 0.062000
1 0.268717 0.615000 0.136364 0.058000
1 0.429144 0.613000 0.157754 0.054000
1 0.407754 0.559000 0.136364 0.058000
1 0.423797 0.517000 0.125668 0.038000
1 0.592246 0.597000 0.141711 0.062000
1 0.562834 0.553000 0.136364 0.062000
1 0.717914 0.535000 0.136364 0.050000
1 0.733957 0.587000 0.125668 0.074000
1 0.856952 0.549000 0.125668 0.046000
1 0.848930 0.497000 0.141711 0.046000
1 0.715241 0.485000 0.131016 0.062000
1 0.717914 0.429000 0.125668 0.062000
1 0.576203 0.453000 0.131016 0.030000
1 0.434492 0.471000 0.125668 0.042000
1 0.410428 0.423000 0.120321 0.050000
1 0.517380 0.377000 0.120321 0.054000
1 0.121658 0.669000 0.152406 0.054000
1 0.266043 0.683000 0.141711 0.058000
1 0.418449 0.673000 0.157754 0.046000
1 0.589572 0.657000 0.136364 0.054000
1 0.747326 0.647000 0.131016 0.058000
1 0.573529 0.717000 0.136364 0.062000
1 0.442513 0.765000 0.141711 0.046000
1 0.287433 0.777000 0.152406 0.046000
1 0.442513 0.819000 0.131016 0.058000
1 0.576203 0.769000 0.120321 0.070000
1 0.717914 0.763000 0.136364 0.050000
1 0.725936 0.815000 0.120321 0.050000
