1 0.441000 0.425000 0.134000 0.054000
1 0.363000 0.481000 0.178000 0.046000
1 0.467000 0.517000 0.146000 0.062000
1 0.269000 0.523000 0.118000 0.050000
1 0.365000 0.577000 0.190000 0.046000
1 0.400000 0.609000 0.156000 0.054000
1 0.353000 0.657000 0.190000 0.062000
1 0.225000 0.591000 0.142000 0.058000
1 0.637000 0.595000 0.126000 0.050000
1 0.453000 0.683000 0.182000 0.058000
1 0.367000 0.735000 0.194000 0.066000
1 0.443000 0.777000 0.218000 0.062000
1 0.362000 0.813000 0.208000 0.070000
1 0.631000 0.749000 0.154000 0.054000
