1 0.167000 0.273000 0.330000 0.286000
1 0.390000 0.297000 0.272000 0.238000
1 0.565000 0.315000 0.190000 0.178000
1 0.667000 0.297000 0.170000 0.166000
1 0.749000 0.279000 0.150000 0.130000
1 0.833000 0.283000 0.126000 0.106000
1 0.339000 0.435000 0.226000 0.162000
1 0.539000 0.441000 0.186000 0.126000
1 0.125000 0.471000 0.246000 0.170000
1 0.189000 0.619000 0.254000 0.178000
1 0.433000 0.581000 0.222000 0.142000
1 0.615000 0.729000 0.122000 0.086000
1 0.717000 0.697000 0.102000 0.102000
1 0.513000 0.801000 0.182000 0.134000
1 0.311000 0.819000 0.234000 0.098000
1 0.815000 0.649000 0.106000 0.110000
1 0.872000 0.619000 0.116000 0.074000
