10 0.222633 0.166582 0.212648 0.202247
10 0.436437 0.161959 0.189534 0.193001
10 0.645040 0.153291 0.195313 0.214959
10 0.851909 0.138845 0.211492 0.216115
10 0.855954 0.335891 0.238073 0.210337
10 0.634638 0.348604 0.193001 0.166420
10 0.426613 0.362472 0.197624 0.168732
10 0.212810 0.359583 0.223049 0.183756
10 0.210498 0.557785 0.227672 0.208025
10 0.429503 0.554896 0.198780 0.197624
10 0.632905 0.545072 0.208025 0.201091
10 0.856532 0.557785 0.223049 0.203402
10 0.224945 0.746163 0.228828 0.180288
10 0.431814 0.742696 0.214959 0.175666
10 0.647929 0.734606 0.191845 0.152552
10 0.855376 0.750208 0.209181 0.153707
