1 0.737275 0.393000 0.273952 0.438000
1 0.696856 0.663000 0.247006 0.354000
1 0.672904 0.841000 0.217066 0.310000
1 0.919910 0.453000 0.154192 0.446000
1 0.900449 0.747000 0.193114 0.394000
1 0.880988 0.873000 0.232036 0.246000
1 0.504491 0.358000 0.209581 0.360000
1 0.488772 0.595000 0.190120 0.330000
1 0.480539 0.773000 0.179641 0.286000
1 0.316617 0.683000 0.157186 0.250000
1 0.321108 0.511000 0.172156 0.314000
1 0.319611 0.263000 0.169162 0.330000
1 0.190868 0.208000 0.199102 0.340000
1 0.163922 0.431000 0.151198 0.234000
1 0.166916 0.597000 0.145210 0.238000
