8 0.375455 0.681694 0.747273 0.625683
8 0.303636 0.572404 0.603636 0.581967
8 0.675455 0.719945 0.220000 0.232240
8 0.617273 0.894809 0.649091 0.199454
8 0.870000 0.646175 0.252727 0.281421
8 0.886364 0.452186 0.220000 0.188525
8 0.850000 0.403005 0.292727 0.232240
8 0.398182 0.307377 0.167273 0.467213
8 0.226364 0.326503 0.180000 0.527322
8 0.073636 0.449454 0.143636 0.303279
8 0.722727 0.211749 0.358182 0.068306
8 0.808182 0.266393 0.376364 0.112022
8 0.697273 0.137978 0.220000 0.073770
8 0.313636 0.282787 0.143636 0.188525
