5 0.543435 0.724285 0.249846 0.277906
5 0.713330 0.682196 0.093020 0.189114
5 0.547279 0.502883 0.231396 0.206411
5 0.594557 0.361624 0.190652 0.219096
5 0.702568 0.527099 0.097632 0.130304
5 0.796740 0.687385 0.099938 0.171817
5 0.865929 0.682196 0.079951 0.147601
5 0.791744 0.537477 0.076107 0.141836
5 0.732934 0.406596 0.095326 0.186808
5 0.596863 0.225554 0.162977 0.131458
5 0.388146 0.523063 0.128383 0.156827
5 0.382380 0.721402 0.132226 0.230627
5 0.288976 0.715060 0.122232 0.199493
5 0.456181 0.380074 0.092251 0.131458
