6 0.658680 0.694304 0.370670 0.347094
6 0.790705 0.443496 0.193248 0.138376
6 0.132246 0.325876 0.105787 0.083026
6 0.199299 0.316651 0.041648 0.059963
6 0.275932 0.297048 0.056642 0.043819
6 0.862340 0.342020 0.123279 0.066882
6 0.873169 0.229013 0.059974 0.034594
6 0.814028 0.196149 0.059974 0.044972
6 0.680754 0.219211 0.054976 0.024216
6 0.649101 0.254958 0.056642 0.031135
6 0.724484 0.276868 0.059141 0.042666
6 0.364643 0.295895 0.035818 0.048432
6 0.306336 0.294742 0.084130 0.059963
6 0.192219 0.238238 0.052477 0.020756
6 0.050199 0.230166 0.039982 0.025369
