5 0.508094 0.689748 0.278777 0.203237
5 0.781475 0.704137 0.250000 0.210432
5 0.876799 0.533273 0.239209 0.214029
5 0.959532 0.743705 0.073741 0.267986
5 0.781475 0.430755 0.192446 0.160072
5 0.641187 0.556655 0.185252 0.160072
5 0.571043 0.425360 0.181655 0.163669
5 0.434353 0.542266 0.196043 0.167266
5 0.380396 0.404676 0.181655 0.151079
5 0.232914 0.526079 0.188849 0.170863
5 0.186151 0.414568 0.188849 0.142086
5 0.051259 0.403777 0.098921 0.142086
5 0.060252 0.531475 0.116906 0.116906
5 0.119604 0.698741 0.235612 0.192446
5 0.294065 0.686151 0.174460 0.174460
