5 0.333633 0.585432 0.267986 0.203237
5 0.270683 0.423561 0.271583 0.203237
5 0.159173 0.301259 0.264388 0.210432
5 0.101619 0.173561 0.199640 0.142086
5 0.062050 0.508094 0.120504 0.264388
5 0.130396 0.581835 0.127698 0.160072
5 0.552158 0.553957 0.201439 0.183453
5 0.489209 0.418165 0.190647 0.120504
5 0.366906 0.288669 0.154676 0.120504
5 0.274281 0.182554 0.134892 0.080935
5 0.436151 0.231115 0.170863 0.077338
5 0.536871 0.313849 0.091727 0.084532
5 0.466727 0.308453 0.080935 0.088129
5 0.603417 0.400180 0.088129 0.084532
5 0.602518 0.523381 0.215827 0.165468
5 0.777878 0.482914 0.156475 0.113309
5 0.686151 0.387590 0.109712 0.088129
