5 0.152810 0.721094 0.120609 0.157812
5 0.275761 0.724219 0.118267 0.151562
5 0.401054 0.722656 0.125293 0.148438
5 0.522834 0.725781 0.115925 0.154688
5 0.641101 0.728906 0.113583 0.148438
5 0.754684 0.727344 0.115925 0.139063
5 0.869438 0.724219 0.111241 0.139063
5 0.803864 0.613281 0.106557 0.154688
5 0.694965 0.605469 0.108899 0.157812
5 0.586066 0.607031 0.111241 0.160938
5 0.473068 0.599219 0.119438 0.151562
5 0.344848 0.596094 0.125293 0.170313
5 0.226581 0.596094 0.113583 0.151562
5 0.294496 0.469531 0.122951 0.135937
5 0.419789 0.488281 0.101874 0.117188
5 0.525176 0.491406 0.101874 0.123438
5 0.628220 0.499219 0.097190 0.114062
5 0.723068 0.497656 0.094848 0.110937
5 0.663349 0.408594 0.092506 0.114062
5 0.568501 0.403906 0.090164 0.117188
5 0.467799 0.396094 0.099532 0.120313
5 0.363583 0.394531 0.097190 0.117188
